  2964   8991
   461    511
   500   1502
   491    511
   490    511
   493    510
   493    510
   492    510
   492    510
   493    520
   482   1512
   492    510
   490    510
   491   1481
   522   1511
   491    510
   493   1501
   494   1491
   516   1481
   511   1511
   491   1513
   492    511
   492    510
   492    511
   492    510
   491    510
   491    510
   492    510
   492    510
   493    510
   491    510
   491    511
   491    511
   493    510
   492    510
   493    510
   491    520
   483    510
   492    520
   491    500
   503    510
   493    510
   491    510
   492    510
   492    510
   490    510
   490    510
   491    510
   493    510
   492    521
   491    511
   483    520
   491    510
   491    510
   492    525
   471   1512
   492   1512
   491   2484
  3001   9033
   490   1500
   491    513
   493    510
   491    511
   491    511
   491    511
   493    511
   491    512
   491    511
   491   1507
   491    511
   491    510
   491   1512
   491    510
   491   1512
   491   1508
   491   1512
   481   1490
   512   1512
   491   1504
   491    512
   501    509
   490    511
   491    510
   492    511
   491    510
   492    511
   491    511
   492    541
   461    510
   492    511
   491    512
   490    511
   491    510
   493    511
   491    510
   491    512
   491    520
   492    501
   492    520
   491    502
   501    510
   491    510
   492    511
   491    512
   491    510
   491    512
   491    510
   492    511
   491    511
   491    511
   492    516
   491    510
   492    511
   491    510
   492    490
   513   2491
  2994   9025
   491   1507
   491    512
   492    512
   492    510
   492    512
   491    512
   491    513
   491    511
   493    511
   491   1512
   490    510
   491    510
   493   1502
   491    511
   501   1502
   491   1490
   511    510
   492   1482
   521   1511
   491   1511
   482   1512
   491   1511
   490   1510
   492   1482
   521   1481
   511    511
   491    490
   522    510
   482   1510
   492   1512
   491   1490
   512    511
   491    511
   491    511
   491    515
   491    510
   492    511
   490    511
   492   1483
   511    510
   491   1514
   492   1506
   491   1504
   501   1501
   491   1512
   491    511
   491    541
   461    512
   491    511
   490    511
   491    511
   491    522
   483    510
   492    511
   491   1511
   491   1513
   490  40035
